$ANSIBLE_VAULT;1.1;AES256
39353938643930323431616365303633653031633839323766323134333331613362623134303138
6337356566613366343630303165393966393734666564640a616166333036663934666365353135
65396664383730626561343965616139616638613866383533623234326334636165663233306564
6230363034316136320a336131346339353765366539643836623839363030656366306130333232
31363735656630366633666466303932313331323966626664373430373333366439656362373131
66353032393136373932663338626531366438336637663963613534316264343666336363653764
65313634356534316462303563623934306564336634313961643030363739383461623061386333
64653665383865613738306238373661646666656261383062393532316363313432316230386239
35336138616133346532333963306562373564396135613761316462356166353037643035363266
35393133343938393065393133626338643937303235623438376266626238653032386331363661
32396332333563366134613933326337333865656530663239313936646366663962383630663538
66646162316465376130336561623738333833306366373634326235333964373031343739376361
66306135353065333665393363306565323534336131653339373138366234656136356135323362
36323730366431643333363665646263326331643037323762383433656466346366336432663763
62636263396432636332323631623530346134666265643165623638663961393733613736396133
64363538383232666239373635333663386531396136343834656538383636383736613362326231
31356639623530383462646462373762623337343130326536336236393537653661366132336564
35666632336132326531336465663434353136626635373130326561383461396362663535613464
62323566333236366666363432373361383261643962663135386265333433346231646538653034
37356639663965353461333762646438333634383165616235323962626635656162363338626230
61313239336464663666636134333433623030323830643666623666643530623665656136306261
64653632326666666132343261343338653365383266643165323831626164306362386638363866
62643233633763393061363366613133396634396264303438313735633165353134393937373464
62346434323065386263326339356338656532656463306135316633663632653862656532623062
32383636613339643832666438653836653663656362613039656434663561336365626430373862
36366464613131636134613963396266656265373936303366646565383639323861303432333065
30663763356561313432336363333931393238666166643964616239356138643562336337316663
38643034376436366265
