$ANSIBLE_VAULT;1.1;AES256
64636263393132323663386136316335306464616135633937353262363039633938656663393938
3037313439633063383137663938653830356436346439620a303637396265383534386636366336
66663939323831626530346231383163386330383937333936336539613964366535636239306432
6239623137633061630a396166366662353531643634343638383631396435623464353939346363
39393037393863386562373634666638636463346134623530363165636231316664653163333365
38663037343837643739376562323064396264363238346332376632613937653339643466646462
37613030363034643566343338653362343634326236353238666537386164653361643063656361
36663064373131353263666338333738376333666262306264396239663430376364326530396432
34613536373939376665346133356631383531343866313263363364383430356164616638656439
64346230326636323138373866386466343331323235373166356132366231303635623931646233
66663136363532333636393239323839663030663435323962316133336462646266643836636461
34356466366565663666366632623438303362316535326131366331393564373632663162353064
30643565636666336630383232326535343733636536613632313362346230383235616663383637
38343533353961313236333737623931383661313566373038346435613136663136326166323133
64393638376165303433313030306438303762323331336661623138326465613738343462363161
38626263633238373664353464643830643937396561363462643238393733373930316139323464
33346139633861333235373532393531363436326664323366383235313162373230373662376334
30616139396534306533626130636433363364376464393737623132613666613438653161393432
36316634303766653032386332616431633235663335613533663564633038393535613335366238
34636433626363633130323664656565383264633536323630336164303363336338623634623933
30303164626333613239323837303835396633343463663035383265393961353762626337336330
30343032353632623431356661336431373237336432303266663766653263613866656132626537
65613036376239373131333366623133393238353636346437623839613834363262356435653465
65656638656133623261386562353232623830326437613031343932653134313639663931653232
62313130333538643061323939343865363764363130306133333161353432626630373630386639
62643561623339343739383262616436376439376164663465386537333431346135366335356331
64353534393762636534306436306461356430636661666366653062613039323630346333343766
35666663313565313230
