$ANSIBLE_VAULT;1.1;AES256
61363166663930643066613763376162666436663865333032356631346635326536653163323234
3464393366636464343432353566343635333833333931310a303436383666343161373931313034
35653331373438356438656261356437613261333533613634616639646136376532616466613330
3433643634643065310a376335653661646263326232383063663561343435363561373532616637
63306166656462353165386435633866363930306431363230363964613935396333383731363366
36333066393738313162383839363936333430336534633961366136353865643538633262626130
66346662633666643332613831396331306638343034373134386436313136343361653635306236
32643436383234353339353664633231303133353532663763333361346330616133313838663438
64333365616630303365303364653436653238666564386337386134363433316666616366633437
63323934623934316238326466636335306666623937636432656561653232633561343162373034
63346533313461623566376530316265656632633733386466373062663939316566613663393263
32316666343331646635626161353334656562656238393930343162623361316265616262666362
64333862336534663235306238303533363839316430386235333063313333653738383831336131
39653134366433616339396339333635623033636632633465376530373539663463666633366665
36353539643962333731393637666661346464643731303235393435343130636538336330656230
61373939326233393861633132626265643231373433613866366366366333316361326634613366
63643538636664656465373637313834346363343166613236656266343436346239353864626539
61646634636333303333363264646362303434353635386664383438303133333661333563633464
37653136616536623861646666376465333232393535363562373431613333663666666566393238
64333133663230303237646232373563313936333532383037613939303933386238326637636563
62323937666162346363633636343163303233613339396264373734306138376262306637333162
37663434343665356463623738633961363335376263626264353764636361643738343834633538
64376462386139353265353664653964643532636265353136343635303236333766393936633337
39366638643039396134663265323935393930643632313337626339623832383730383439313531
32343132333465353161343233616536636337356163616330366166316533323332
