$ANSIBLE_VAULT;1.1;AES256
61646438633034633434383938303161393862666131373239323264613361393861633338326565
3331333166613737343739656434323636346632313161390a346261356537633632623931313030
63396536366234323763316631636334313237383038313435373533656337646666393063353166
3135373537633565310a376632326230343363663038373363633636363763336136333130393333
62356433633064313133313336663465303436346430626232323063636439373934396435623230
35613331313064366536313138623130373130313938346430356664303232646437326236363236
30373930343738383733343038663431313835656232393238363161656435346334616233636363
61613739626464613334643638323063643433616235353033393463393663303365346532303866
37336263623661303534613262616337623864393234303761306662663239636130313832303337
32653439383662323365343437376466346465383032373332393134313361306366336665366463
37653063373635366336653062393265633862646631316438613839653234313034646235643834
33393631623830613362376231336161636132346666333634613161343830613934643138336630
33343936396532323433343730343361383338333631663361653438656164353937353161363863
39373335616162393462386238613331663836633935316535366632363538646265623230363737
30656538373363613531656639393734616639643437303265313866643536383631333464633762
32316432393764363635613036373563386331326434386230356436303137633839656365303632
66313463663033343465386130646533363530333964326463663433333862643531396435383961
36653362316462396431316231643464333937356431353638636635393139613663663363643038
65306438303161316462613966653137663564316262373432626333346339306132356635383036
30646637326130386537353639306236373931616239653233366438303161373261636639396463
64363062666230313736643130353865653561613330333534626462303162613665346635653564
34633866343530313662623532643036306165376366613137613131616661316132633163656638
65376337343136333636383163323839373661643433643635316235303261313733393932383435
37613861323632393935613735626534376364623637376631363334376337303335316536353433
64333033626566613061656565333463383035326238346233623234343030666661393436616634
39303035616134613564393938643238396562363032373136343562633431633366393537356331
39373562323635373638646133386135316637653334363761616561363131313938633834643164
62303965393765373239386565623461323330353131366265343737356130343137343336363063
32383938626263386161376530663932353335343866633961616633363735633763333839623439
39323966363338373734396439393536373631633939663261613131656265656139636131623635
37353134373335353137326562636562343063376235633130303932303230636331653963373465
61643836313232366561383266333436623533626337366438646164656563393233333332653564
63326165393138613731323038393739613862626365336436663535343461643564393030376637
34323834343733663139653731303931623234343036363739653065633664333530636135303361
61623236313366373964346435373032356537326636343533663831386165336434316366343935
38623534383738626664383938613635633234346636353862316232663865323962636436613534
66643630383333653836306434353937363336393566373061636234333130383035393466626662
66666532613836326666616639393133663932303364353139643130383034313164623235646630
35646332386635313865313634353435303630343066373763633265306532616663623130353461
34363234316134373432353433386539343065323966643730393437323063393365346462663166
36316433383330656534646135393264353637636339626363633966303830353738373239633366
33613663346232316339636333623161373232333634363338386634353930636333613430656164
39636664666565353530303961393262636330396237356339626266633432393461616136303434
31633030353635306133646539376534623165663239623138613765396137303862336335616433
64386535313030626633643861363962633066343730363539663063653937346235393836326135
66633261316162373564363735613234386536623037376261626462626232643631663436343430
65383065303766383465366431343032383730323562326234643533656432666236326665316639
38636565383233663166316631616635323439623637393837643033353236653734643763663437
33313638356230366563333238643161303664396564396137353438653262313461663739383234
64373333306236626665306138333838613861326163346633383036343235616335393839613165
32636436346666323631373038346164633332383437666161356262343030326435396264303261
32353463323466376630636566613138613061383164646165316561633366623338313937623838
31656133323262303337316464376337633132323862636330366131333232613735333865383531
32613564643861366365626563653838333232653563323831346436306433363535626239626261
38643232303934623939313664396135366434646334616630623564346231666636643135336333
39656163353664653031626330333961303339663438343031626162666233303539353537656166
39646435316562333337663039393136646536343762393061613832323432613430656135323364
38326134326462633230316165386164363033376330366466313831653335396137636433653835
64373136396432633539613262373163303462383162363834653163376664303966313231396463
66633564306639323736306161306532616337326330636636613333623833393639663161356561
38643733303066323363303733653433313030636166303931316335373538353737643237336431
33623863666363393661373161313262386638303366393565366136353835643262636636623734
38613534616137393064626165636438323265303130616562303662323737396339623261396265
65373737353237363330363131376563323835306634623831623863356430616266613565366261
34366235663265613237663134366234346339386563343932336632623662336261393264303738
63353035353134663832323161336235343832393232383361323734653538356662653763396163
65306337633530633230326162393136666566316434393936353232616164363863303336336437
34623532346261363734316366336338316238366662633432393064303266636436323365323339
34373863663936343637343935346361353936656438383435306636633735333564323063343837
61356235336438646163653539343565356361373036383033626234633661393038613931396365
63353037633263373163613532333836353664626461333066313630326439313464373362383234
65343965346139383665633930303237363432613831376637363164323336663064323666346237
39323636303061373162346233656262383737363566656338326565313433613062356661366436
64376533656661356130633932346639346535656566613832313432353931326136373266646561
64343566626230313234363335313638366166616431346235323636643835313161663036376131
63363034616461313562656634666165633739363334386562343333636537633930333935656162
63316631633762346265376566356533653430313037323237303936393834336234366332623137
32613765373730323262396138393533623636663638373632336130383234333139643535383030
65653639613133366533633532616661653638373634643234636135643663303832366531633832
36313865396632343132353762623335366264333635666435646633326435656161353538373363
34393164373165643165396438373661346530623032626663343337353266366263616334646431
66633762663163373530623333636331353963333230643162393534343764363938323935326266
66333135313066363938333932346665626238396132323366346164643961373437643163306335
35326432323366386634363338343539613237303731316239643035353933356438633062313230
33666464356264326362336430366361613039383766323766386539636635393961343433326537
62363462396636666462303234363264316433316237376538623739306230353532396363623462
65343939653230626336636434376636666631343937656533353939623033333863383735666636
62336366356262656237653730656464643461356634383363343036373836323132343832333539
35303630643038343864663966643432343237333439646436336135393133383736383737633739
31643735316465656565323034666531323866653061633336623964653837636435363238373035
61616264393634316436326635633935663764613936643131336364306464303431623334343937
38666339643830366232613662643930613833356334616235663031316432316634333330636562
66303961316264653961646333343266666432626631363938346662373336336262646662373737
36663835613664313466336632323631653234353461646330646537343139383864333031363438
63303033663935343034373066646332363439346566623337306230333635343437616439303362
61323563636162366666303137616333313030656563306331383035316630363139306538323965
35333436613835323735616465316538376563376536313232313262616432326133306564626632
32353836366636323830393766363961323635353837336264393438396134646638303161633134
30643263633837393832623237303830333063313164653064383738393635663131323534323036
64363765313165323666353264373038666637656130653466636666303936326330313332656131
31663165316434333861663238373034623533333562616364376434333430396662333934343762
37306361373730653966633934316262613164366339383934303538653930383865376161636263
32316334646462616161633966343239366365383038666361613337323231396161383564633439
66623063363461616133666232356636346366306535653939313337353062653431656263613763
38653032373230653730633639616438623631393337353334613435343530316435643636326132
36336262316434316130666234383133663830623665313739383531303033383633303635666663
30376163666461393335623931636436616265643266656532313365623938336638306238386535
34623530386364653161306465643238666165333034313438386131633265303931653934303439
36343730636635373365373462626264366237353338613061636335616261316338636564663161
32633731643864663136376262386331333030653963643731323763616165383839343531393266
64303763306136373262373232653538613666376336383139393139666638636134316134383163
33333161616462303938636339316234353262623361393566343537303765366364396139303633
64326333303734363464386466323035653562386537636366373462643830326566393639333638
66306261333736633736646366653036353637356364616565333661643932366662633865353662
32633263643538383936323039623264306364393538393835373232623838326666653865653730
63353865313930316136346436633633353333396162373462316130666431306334346161646564
34393165623134343335393539656136323130386235333962636638633564646165386466386633
34316337653237313438663234356662373030646630666265386635326263383433646336326463
31336230323462646139643761336162396538643732316237356335626237323533353732303034
37643436323131613561623636633730653461633032623163343338663834663765623863383035
32646536353866316331656330326135343130653634636662333735616532626130363666333038
30333136303636393631656135636133656536633833363331343338393034626234363739613532
33653764636439326262343761336162376536343131646630616163646463643230363239333139
66343035646461393363356239623036313239613965353337653666623463616632623631663839
32353765353862366632613737376465323361396363333162663430653036336135646464663538
63366661336534393530356637356664373261353366646130376333623336393039393164333338
65623638313732613235623064326237323136353065643330623833353066333061373562373331
62333262353463356639383764393363646337303139376431643939343065383564323533633936
31386361323639623233313239323862616465616636366166333434393136363164306134633436
33396434393038373436313738623334313231376265323437323337663462653935613535333537
38356334323035633936363662303134666430643839663962623132323865613437646235623764
36373264353061336435393237646265636638373564666439656636373232663333333939343633
65653165333634353663353166393461626362616364616437316362633730346238353630633431
66663233376662313731646165663261323163666239643331396430663764333464313065616332
64626435313236613431636264303663643734613966333833313837653233363965643738643763
30666362613439626135653130396661633738383639326464346536643237386637346264376138
63353265613338626235616130623031376639316661633430363737633232356334333434353535
30303661636363653035326365663430626230303835356466643864656664666532366464616631
61373961636165356436333432343030633661373130376265303366393161363162653530613935
34373631393637306163363563623730633661323937383035633836376530373230363861383339
62663565613461656331633435646664373239363835393661636633646163613365343330383661
31636236656337313930393235396362333865643330643232326333343732366666363366366437
34373565376137323332363030356139356361323364393865356235393533353431333361636237
35373862343835346431656333323663336366353135666664643634336364653262363766333261
33643163613662613239336330306235393732356236356661613536303835653236373535396261
61316633636537623861633830643336633765663435643763353537363538363261303665636338
31333966306636623337333732383831333434613232323661643064656261343832643462373139
32363933366535353734613766656138303262646261666661373132383132396530383938373862
62386661346332303136643535643832386566313135353461623436303866643135316432323135
31656161363135393232383731626134316662396132373765366566313734386131653338373430
30616639386536656531333162303163646239613533656466663239643931613137383165343764
30313762633734326365356632623534623964316264353462663836613038393431633131613538
35326433356262356237306532373565373461336465653036326663303333333761306433356636
39666532626135363536373161633362666639633038643132643938396233386132393964653833
63666266353236346265356663353565303939343538396663336231356136373138396130646537
30666635613961376334333930363735646134323837313965613937653963333366306335656566
31646664346633323937663530646265323863646365313563663331306636653237383064343239
63306231633535656533373166636635613761326461656632663435373933323533363134353935
38313239336434393664353130343030623431363532626365373462633230303532613863323536
37343530343636663336383161613363623134393836316636623439373837323965303465343539
63363732323965353130353863343233333833626639636234666237643432333839646665356634
62353766326136356437646431653330303365376131376638663838363065363263666662363331
31373761633632333036306633663338343636643763613361366663386339613836323533366639
30646164643263636234653063613963306639623330376165393864323831323265643037386330
30353436633334393036646330623531316436663737663435346131623561386233613031663432
35383138336562393335666630386135326130366563363037663566633939366436303532663364
64353430626664383435393032623864373335386165626539373934653339336536653935303934
39373237343130663131616539316564316133333438393662633065633437623066323134303538
34316333376632623332356234633738643761383836323737303539346136363339633032356338
30333037383639313363383363366230656266656464383137653533393631613831663263333262
66346131353666393133613866326235353862613130383039396562373431356239613839656230
63383964633933363632353465326664623261396133316438633630333864613538656663303064
64643962306362326336336330336438623638633063666466343538393264643662393532326238
39303538616336636333333439343064393165336661663239643461303363346664313961353966
65653136356235616132316633336132336335326432633962663466643434323662656138306232
39623063326536643333626433636538313438326236313335396639376534356136666461643731
64363231383939366365636665303266373863303938333837336639373438373839373637303131
33366639303962343333613337613366393033306134313333346138636538636239386366633365
31623030353032613166333361333931636237303230383732353233663633383730643535636432
31376130663663653131663562643738363430363835373731306430303164646236393936616433
39373764323066303235653664663037323831626237343031636565666339356637323136646538
62353835343963336263386334333761363165363535643565396666623933313661613239636337
39653930326339643933663538346239623833313030333632663135366164636139653931393661
31383530333134396561643133383532386430613934383238316539383462616132303333343939
31386433306439643362373964666231363139323333373634323032656631323761656234313532
34613565656337333232643765323235353639326337613863623162613962653835323436656537
35656663376336626334643864663564396666623238623334306635636665623032333433633637
64656232663638613262346138373939313130363866346334356434653163373135396264303862
61613165336666623534336633383864323261343731366539346632336565653332393136313864
34643134336235366266343362353434346563373132623264353564626264323466663762663232
30666639326564393235646238666633323435313133646339393130363361373635616437393663
64336562323937333234366634303438356631333564636136373464313464376133313538386635
37376637663966306331303133326235643938636562613561343061386437623136336337336434
65313865643938323837613863623236623635376233363061313663383633393231366533336162
62643961653564656263336634356639613737656462323736626139663235656430636439393431
61376462396535363534653836643266633730333132663037623961653664656265366361386534
33333162343466383230613638643061623439376431373838663263393964353863646466366534
63383334306664323435303863646339393832393838623234366232646265363861323738326162
66643366336631626635333533313638663537636537663664383434313363393064323132363666
35636166343037653763373366386564316330313734353265356366346632356235343665653538
30333735643730323963333336326261636263633632616262363231333534323661636133613031
38343536386139346662336435393861626235343064613531663933356162336236383536643339
65396361356134333565306266326666613864313035623730333030623932626566613838613830
33386439356466353061363265373937656463656334626365366330653837623963633938383038
36333237383337653235356233336131306166653836656630636339383637316161373662393939
37323939666166643231616431376363313362396532613164393131623434363466633236613632
38653464383634373331303831363037303961376139626539613835353861363232373666356130
63373031326462623337333662663139323135623562663232663333316465613736633337666164
33316331616438303231323534373066663037613937316139623263353337623131
